L2: 2.67414e+12
L3: -2.67414e+12
L1: 1.47733e+11
